Prediction process...
R-squared: 0.8049765495940757
===================================================
     price      pred       low      high price_grade
0   290000  319300.0  255440.0  383160.0  real_price
1    65000   60640.0   48512.0   72768.0  real_price
2    45000   49887.0   39909.6   59864.4  real_price
3    45000   66683.0   53346.4   80019.6  UNDERPRICE
4    75000   90753.0   72602.4  108903.6  real_price
5   200000  103575.0   82860.0  124290.0   OVERPRICE
6    60000   64172.0   51337.6   77006.4  real_price
7    90000   89292.0   71433.6  107150.4  real_price
8   110000  129090.0  103272.0  154908.0  real_price
9    50000   58977.0   47181.6   70772.4  real_price
10   50000   52025.0   41620.0   62430.0  real_price
11  100000  121597.0   97277.6  145916.4  real_price
